0.2,5,ERP_1.dat ,ERP_1Out,-1.0,0.3383696973323822,108,215
0.2,5,ERP_1.dat ,ERP_1Out,-1.0,0.27000290155410767,111,221
0.2,5,dataset.txt ,ERP_1Out,-1.0,0.013099299743771553,9,17
0.2,5,dataset.txt ,ERP_1Out,-1.0,0.03984159976243973,30,59
0.2,5,dataset.txt ,ERP_1Out,-1.0,0.03380810096859932,30,59
0.19,7,dataset.txt ,ERP_1Out,-1.0,0.022153200581669807,27,53
0.19,7,dataset.txt ,ERP_1Out,-1.0,0.024864599108695984,13,25
0.19,7,dataset.txt ,ERP_1Out,-1.0,0.02129550091922283,13,25
0.19,7,dataset.txt ,ERP_1Out,-1.0,0.07118520140647888,13,25
0.19,7,dataset.txt ,ERP_1Out,-1.0,0.09270860254764557,13,25
0.19,7,dataset.txt ,ERP_1Out,-1.0,0.0694023072719574,13,25
0.19,7,dataset.txt ,ERP_1Out,-1.0,0.12567080557346344,26,51
0.19,7,dataset.txt ,ERP_1Out,-1.0,0.03409640118479729,26,51
0.19,7,dataset.txt ,ERP_1Out,-1.0,0.12779200077056885,26,51
0.19,7,dataset.txt ,ERP_1Out,-1.0,0.1492566019296646,26,51
0.19,7,dataset.txt ,ERP_1Out,-1.0,0.6803672313690186,26,51
0.19,7,dataset.txt ,ERP_1Out,-1.0,0.41513341665267944,21,41
0.19,7,dataset.txt ,ERP_1Out,-1.0,0.010910199955105782,1,1
0.19,7,dataset.txt ,ERP_1Out,-1.0,0.0455486997961998,5,10
0.19,7,dataset.txt ,ERP_1Out,-1.0,0.05316239967942238,4,9
0.19,7,dataset.txt ,ERP_1Out,-1.0,0.08693599700927734,4,9
